10: 1, 2, 5, 10
15: 1, 3, 5, 15
246: 1, 2, 3, 6, 41, 82, 123, 246
1001: 1, 7, 11, 13, 77, 91, 143, 1001
10: 1, 2, 5, 10
15: 1, 3, 5, 15
246: 1, 2, 3, 6, 41, 82, 123, 246
1001: 1, 7, 11, 13, 77, 91, 143, 1001
10: 1, 2, 5, 10
15: 1, 3, 5, 15
246: 1, 2, 3, 6, 41, 82, 123, 246
1001: 1, 7, 11, 13, 77, 91, 143, 1001
10: 1, 2, 5, 10
15: 1, 3, 5, 15
246: 1, 2, 3, 6, 41, 82, 123, 246
1001: 1, 7, 11, 13, 77, 91, 143, 1001
10: 1, 2, 5, 10
15: 1, 3, 5, 15
246: 1, 2, 3, 6, 41, 82, 123, 246
1001: 1, 7, 11, 13, 77, 91, 143, 1001
10: 1, 2, 5, 10
115: 1, 5, 23, 115
4567: 1, 4567
10543: 1, 13, 811, 10543
123457: 1, 123457
6834013: 1, 23, 61, 1403, 4871, 112033, 297131, 6834013
10: 1, 2, 5, 10
115: 1, 5, 23, 115
4567: 1, 4567
10543: 1, 13, 811, 10543
123457: 1, 123457
6834013: 1, 23, 61, 1403, 4871, 112033, 297131, 6834013
10: 1, 2, 5, 10
115: 1, 5, 23, 115
4567: 1, 4567
10543: 1, 13, 811, 10543
123457: 1, 123457
6834013: 1, 23, 61, 1403, 4871, 112033, 297131, 6834013
10: 1, 2, 5, 10
115: 1, 5, 23, 115
4567: 1, 4567
10543: 1, 13, 811, 10543
123457: 1, 123457
6834013: 1, 23, 61, 1403, 4871, 112033, 297131, 6834013
10: 1, 2, 5, 10
115: 1, 5, 23, 115
4567: 1, 4567
10543: 1, 13, 811, 10543
123457: 1, 123457
6834013: 1, 23, 61, 1403, 4871, 112033, 297131, 6834013
10: 1, 2, 5, 10
115: 1, 5, 23, 115
4567: 1, 4567
10543: 1, 13, 811, 10543
123457: 1, 123457
6834013: 1, 23, 61, 1403, 4871, 112033, 297131, 6834013
10: 1, 2, 5, 10
115: 1, 5, 23, 115
4567: 1, 4567
10543: 1, 13, 811, 10543
123457: 1, 123457
6834013: 1, 23, 61, 1403, 4871, 112033, 297131, 6834013
10: 1, 2, 5, 10
115: 1, 5, 23, 115
4567: 1, 4567
10543: 1, 13, 811, 10543
123457: 1, 123457
6834013: 1, 23, 61, 1403, 4871, 112033, 297131, 6834013
10: 1, 2, 5, 10
115: 1, 5, 23, 115
4567: 1, 4567
10543: 1, 13, 811, 10543
123457: 1, 123457
6834013: 1, 23, 61, 1403, 4871, 112033, 297131, 6834013
10: 1, 2, 5, 10
115: 1, 5, 23, 115
4567: 1, 4567
10543: 1, 13, 811, 10543
123457: 1, 123457
6834013: 1, 23, 61, 1403, 4871, 112033, 297131, 6834013
10: 1, 2, 5, 10
115: 1, 5, 23, 115
4567: 1, 4567
10543: 1, 13, 811, 10543
123457: 1, 123457
6834013: 1, 23, 61, 1403, 4871, 112033, 297131, 6834013
